0.0 0.0 0.0 255.0
1.0 0.769230769231 1.53846153846 255.0
2.0 1.53846153846 3.07692307692 255.0
3.0 2.30769230769 4.61538461538 255.0
4.0 3.07692307692 6.15384615385 255.0
5.0 3.84615384615 7.69230769231 255.0
6.0 4.61538461538 9.23076923077 255.0
7.0 5.38461538462 10.7692307692 255.0
8.0 6.15384615385 12.3076923077 255.0
9.0 6.92307692308 13.8461538462 255.0
10.0 7.69230769231 15.3846153846 255.0
11.0 8.46153846154 16.9230769231 255.0
12.0 9.23076923077 18.4615384615 255.0
13.0 10.0 20.0 255.0
14.0 11.5384615385 32.6153846154 255.0
15.0 13.0769230769 45.2307692308 255.0
16.0 14.6153846154 57.8461538462 255.0
17.0 16.1538461538 70.4615384615 255.0
18.0 17.6923076923 83.0769230769 255.0
19.0 19.2307692308 95.6923076923 255.0
20.0 20.7692307692 108.307692308 255.0
21.0 22.3076923077 120.923076923 255.0
22.0 23.8461538462 133.538461538 255.0
23.0 25.3846153846 146.153846154 255.0
24.0 26.9230769231 158.769230769 255.0
25.0 28.4615384615 171.384615385 255.0
26.0 30.0 184.0 255.0
27.0 33.8461538462 187.923076923 255.0
28.0 37.6923076923 191.846153846 255.0
29.0 41.5384615385 195.769230769 255.0
30.0 45.3846153846 199.692307692 255.0
31.0 49.2307692308 203.615384615 255.0
32.0 53.0769230769 207.538461538 255.0
33.0 56.9230769231 211.461538462 255.0
34.0 60.7692307692 215.384615385 255.0
35.0 64.6153846154 219.307692308 255.0
36.0 68.4615384615 223.230769231 255.0
37.0 72.3076923077 227.153846154 255.0
38.0 76.1538461538 231.076923077 255.0
39.0 80.0 235.0 255.0
40.0 88.5384615385 235.307692308 254.615384615
41.0 97.0769230769 235.615384615 254.230769231
42.0 105.615384615 235.923076923 253.846153846
43.0 114.153846154 236.230769231 253.461538462
44.0 122.692307692 236.538461538 253.076923077
45.0 131.230769231 236.846153846 252.692307692
46.0 139.769230769 237.153846154 252.307692308
47.0 148.307692308 237.461538462 251.923076923
48.0 156.846153846 237.769230769 251.538461538
49.0 165.384615385 238.076923077 251.153846154
50.0 173.923076923 238.384615385 250.769230769
51.0 182.461538462 238.692307692 250.384615385
52.0 191.0 239.0 250.0
53.0 193.846153846 239.076923077 249.615384615
54.0 196.692307692 239.153846154 249.230769231
55.0 199.538461538 239.230769231 248.846153846
56.0 202.384615385 239.307692308 248.461538462
57.0 205.230769231 239.384615385 248.076923077
58.0 208.076923077 239.461538462 247.692307692
59.0 210.923076923 239.538461538 247.307692308
60.0 213.769230769 239.615384615 246.923076923
61.0 216.615384615 239.692307692 246.538461538
62.0 219.461538462 239.769230769 246.153846154
63.0 222.307692308 239.846153846 245.769230769
64.0 225.153846154 239.923076923 245.384615385
65.0 228.0 240.0 245.0
66.0 229.181818182 240.090909091 242.0
67.0 230.363636364 240.181818182 239.0
68.0 231.545454545 240.272727273 236.0
69.0 232.727272727 240.363636364 233.0
70.0 233.909090909 240.454545455 230.0
71.0 235.090909091 240.545454545 227.0
72.0 236.272727273 240.636363636 224.0
73.0 237.454545455 240.727272727 221.0
74.0 238.636363636 240.818181818 218.0
75.0 239.818181818 240.909090909 215.0
76.0 241.0 241.0 212.0
77.0 241.0 241.0 212.0
78.0 241.363636364 240.909090909 208.636363636
79.0 241.727272727 240.818181818 205.272727273
80.0 242.090909091 240.727272727 201.909090909
81.0 242.454545455 240.636363636 198.545454545
82.0 242.818181818 240.545454545 195.181818182
83.0 243.181818182 240.454545455 191.818181818
84.0 243.545454545 240.363636364 188.454545455
85.0 243.909090909 240.272727273 185.090909091
86.0 244.272727273 240.181818182 181.727272727
87.0 244.636363636 240.090909091 178.363636364
88.0 245.0 240.0 175.0
89.0 245.230769231 239.615384615 171.538461538
90.0 245.461538462 239.230769231 168.076923077
91.0 245.692307692 238.846153846 164.615384615
92.0 245.923076923 238.461538462 161.153846154
93.0 246.153846154 238.076923077 157.692307692
94.0 246.384615385 237.692307692 154.230769231
95.0 246.615384615 237.307692308 150.769230769
96.0 246.846153846 236.923076923 147.307692308
97.0 247.076923077 236.538461538 143.846153846
98.0 247.307692308 236.153846154 140.384615385
99.0 247.538461538 235.769230769 136.923076923
100.0 247.769230769 235.384615385 133.461538462
101.0 248.0 235.0 130.0
102.0 248.146153846 232.615384615 122.942307692
103.0 248.292307692 230.230769231 115.884615385
104.0 248.438461538 227.846153846 108.826923077
105.0 248.584615385 225.461538462 101.769230769
106.0 248.730769231 223.076923077 94.7115384615
107.0 248.876923077 220.692307692 87.6538461538
108.0 249.023076923 218.307692308 80.5961538462
109.0 249.169230769 215.923076923 73.5384615385
110.0 249.315384615 213.538461538 66.4807692308
111.0 249.461538462 211.153846154 59.4230769231
112.0 249.607692308 208.769230769 52.3653846154
113.0 249.753846154 206.384615385 45.3076923077
114.0 249.9 204.0 38.25
115.0 249.311538462 200.076923077 36.2884615385
116.0 248.723076923 196.153846154 34.3269230769
117.0 248.134615385 192.230769231 32.3653846154
118.0 247.546153846 188.307692308 30.4038461538
119.0 246.957692308 184.384615385 28.4423076923
120.0 246.369230769 180.461538462 26.4807692308
121.0 245.780769231 176.538461538 24.5192307692
122.0 245.192307692 172.615384615 22.5576923077
123.0 244.603846154 168.692307692 20.5961538462
124.0 244.015384615 164.769230769 18.6346153846
125.0 243.426923077 160.846153846 16.6730769231
126.0 242.838461538 156.923076923 14.7115384615
127.0 242.25 153.0 12.75
128.0 239.307692308 147.115384615 11.7692307692
129.0 236.365384615 141.230769231 10.7884615385
130.0 233.423076923 135.346153846 9.80769230769
131.0 230.480769231 129.461538462 8.82692307692
132.0 227.538461538 123.576923077 7.84615384615
133.0 224.596153846 117.692307692 6.86538461538
134.0 221.653846154 111.807692308 5.88461538462
135.0 218.711538462 105.923076923 4.90384615385
136.0 215.769230769 100.038461538 3.92307692308
137.0 212.826923077 94.1538461538 2.94230769231
138.0 209.884615385 88.2692307692 1.96153846154
139.0 206.942307692 82.3846153846 0.980769230769
140.0 204.0 76.5 0.0
141.0 201.0 73.0769230769 2.46153846154
142.0 198.0 69.6538461538 4.92307692308
143.0 195.0 66.2307692308 7.38461538462
144.0 192.0 62.8076923077 9.84615384615
145.0 189.0 59.3846153846 12.3076923077
146.0 186.0 55.9615384615 14.7692307692
147.0 183.0 52.5384615385 17.2307692308
148.0 180.0 49.1153846154 19.6923076923
149.0 177.0 45.6923076923 22.1538461538
150.0 174.0 42.2692307692 24.6153846154
151.0 171.0 38.8461538462 27.0769230769
152.0 168.0 35.4230769231 29.5384615385
153.0 165.0 32.0 32.0
154.0 161.076923077 29.5384615385 32.0
155.0 157.153846154 27.0769230769 32.0
156.0 153.230769231 24.6153846154 32.0
157.0 149.307692308 22.1538461538 32.0
158.0 145.384615385 19.6923076923 32.0
159.0 141.461538462 17.2307692308 32.0
160.0 137.538461538 14.7692307692 32.0
161.0 133.615384615 12.3076923077 32.0
162.0 129.692307692 9.84615384615 32.0
163.0 125.769230769 7.38461538462 32.0
164.0 121.846153846 4.92307692308 32.0
165.0 117.923076923 2.46153846154 32.0
166.0 114.0 0.0 32.0
167.0 115.038461538 9.80769230769 41.3076923077
168.0 116.076923077 19.6153846154 50.6153846154
169.0 117.115384615 29.4230769231 59.9230769231
170.0 118.153846154 39.2307692308 69.2307692308
171.0 119.192307692 49.0384615385 78.5384615385
172.0 120.230769231 58.8461538462 87.8461538462
173.0 121.269230769 68.6538461538 97.1538461538
174.0 122.307692308 78.4615384615 106.461538462
175.0 123.346153846 88.2692307692 115.769230769
176.0 124.384615385 98.0769230769 125.076923077
177.0 125.423076923 107.884615385 134.384615385
178.0 126.461538462 117.692307692 143.692307692
179.0 127.5 127.5 153.0
180.0 131.423076923 131.423076923 156.923076923
181.0 135.346153846 135.346153846 160.846153846
182.0 139.269230769 139.269230769 164.769230769
183.0 143.192307692 143.192307692 168.692307692
184.0 147.115384615 147.115384615 172.615384615
185.0 151.038461538 151.038461538 176.538461538
186.0 154.961538462 154.961538462 180.461538462
187.0 158.884615385 158.884615385 184.384615385
188.0 162.807692308 162.807692308 188.307692308
189.0 166.730769231 166.730769231 192.230769231
190.0 170.653846154 170.653846154 196.153846154
191.0 174.576923077 174.576923077 200.076923077
192.0 178.5 178.5 204.0
193.0 180.461538462 180.461538462 205.961538462
194.0 182.423076923 182.423076923 207.923076923
195.0 184.384615385 184.384615385 209.884615385
196.0 186.346153846 186.346153846 211.846153846
197.0 188.307692308 188.307692308 213.807692308
198.0 190.269230769 190.269230769 215.769230769
199.0 192.230769231 192.230769231 217.730769231
200.0 194.192307692 194.192307692 219.692307692
201.0 196.153846154 196.153846154 221.653846154
202.0 198.115384615 198.115384615 223.615384615
203.0 200.076923077 200.076923077 225.576923077
204.0 202.038461538 202.038461538 227.538461538
205.0 204.0 204.0 229.5
206.0 205.961538462 205.961538462 230.480769231
207.0 207.923076923 207.923076923 231.461538462
208.0 209.884615385 209.884615385 232.442307692
209.0 211.846153846 211.846153846 233.423076923
210.0 213.807692308 213.807692308 234.403846154
211.0 215.769230769 215.769230769 235.384615385
212.0 217.730769231 217.730769231 236.365384615
213.0 219.692307692 219.692307692 237.346153846
214.0 221.653846154 221.653846154 238.326923077
215.0 223.615384615 223.615384615 239.307692308
216.0 225.576923077 225.576923077 240.288461538
217.0 227.538461538 227.538461538 241.269230769
218.0 229.5 229.5 242.25
219.0 230.480769231 230.480769231 242.838461538
220.0 231.461538462 231.461538462 243.426923077
221.0 232.442307692 232.442307692 244.015384615
222.0 233.423076923 233.423076923 244.603846154
223.0 234.403846154 234.403846154 245.192307692
224.0 235.384615385 235.384615385 245.780769231
225.0 236.365384615 236.365384615 246.369230769
226.0 237.346153846 237.346153846 246.957692308
227.0 238.326923077 238.326923077 247.546153846
228.0 239.307692308 239.307692308 248.134615385
229.0 240.288461538 240.288461538 248.723076923
230.0 241.269230769 241.269230769 249.311538462
231.0 242.25 242.25 249.9
232.0 242.675 242.675 250.1125
233.0 243.1 243.1 250.325
234.0 243.525 243.525 250.5375
235.0 243.95 243.95 250.75
236.0 244.375 244.375 250.9625
237.0 244.8 244.8 251.175
238.0 245.225 245.225 251.3875
239.0 245.65 245.65 251.6
240.0 246.075 246.075 251.8125
241.0 246.5 246.5 252.025
242.0 246.925 246.925 252.2375
243.0 247.35 247.35 252.45
244.0 247.775 247.775 252.6625
245.0 248.2 248.2 252.875
246.0 248.625 248.625 253.0875
247.0 249.05 249.05 253.3
248.0 249.475 249.475 253.5125
249.0 249.9 249.9 253.725
250.0 250.325 250.325 253.9375
251.0 250.75 250.75 254.15
252.0 251.175 251.175 254.3625
253.0 251.6 251.6 254.575
254.0 252.025 252.025 254.7875
255.0 252.45 252.45 255.0
